1775230670278 3.0 0
1775230670291 3.0 0
1775230670307 3.0 0
1775230670321 3.0 0
1775230670337 3.0 0
1775230670373 3.0 0
1775230670396 3.0 0
1775230670419 3.0 0
1775230670436 3.0 0
1775230674818 3.0 0
1775230676312 3.0 0
1775230677891 3.0 0
1775230679366 3.0 0
1775230680816 3.0 0
1775230682114 3.0 0
1775230683467 3.0 0
1775230684806 3.0 0
1775230686137 3.0 0
1775230687616 3.0 0
1775230688966 3.0 0
1775230688997 3.0 0
1775230689010 3.0 0
1775230689027 3.0 0
1775230689038 3.0 0
1775230689041 3.0 0
1775230689055 3.0 0
