1775230670282 0.3125 0
1775230670295 0.4 0
1775230670310 0.3125 0
1775230670325 0.5 0
1775230670355 0.5 0
1775230670382 0.0 0
1775230670408 0.0 0
1775230670422 0.125 0
1775230670437 0.25 0
1775230674823 0.1875 0
1775230676316 0.0833 0
1775230677894 0.3125 0
1775230679371 0.3333 0
1775230680821 0.0 0
1775230682121 0.125 0
1775230683471 0.0 0
1775230684812 0.0 0
1775230686143 0.0833 0
1775230687622 0.0 0
1775230688970 0.0 0
1775230689002 0.25 0
1775230689012 0.0 0
1775230689032 0.4375 0
1775230689041 0.0 0
1775230689041 0.3125 0
1775230689058 0.25 0
