1775230670452 3.0 0
1775230670462 2.0 0
1775230670473 1.0 0
1775230670483 1.0 0
1775230670495 3.0 0
1775230670506 2.0 0
1775230670517 2.0 0
1775230670527 0.0 0
1775230670537 2.0 0
1775230670547 3.0 0
1775230670556 1.0 0
1775230674830 3.0 0
1775230676321 2.0 0
1775230677903 4.0 0
1775230679377 1.0 0
1775230680825 0.0 0
1775230682130 4.0 0
1775230683476 0.0 0
1775230684820 0.0 0
1775230686149 1.0 0
1775230687629 0.0 0
1775230688975 0.0 0
1775230689131 3.0 0
1775230689144 2.0 0
1775230689156 3.0 0
1775230689166 1.0 0
1775230689176 0.0 0
