1775224685181 3.0 0
1775224685209 3.0 0
1775224685244 3.0 0
1775224685275 3.0 0
1775224685303 3.0 0
1775224685331 3.0 0
1775224685362 3.0 0
1775224685392 3.0 0
1775224685422 3.0 0
1775224693842 3.0 0
1775224696571 3.0 0
1775224699325 3.0 0
1775224702030 3.0 0
1775224704597 3.0 0
1775224707143 3.0 0
1775224709712 3.0 0
1775224712399 3.0 0
1775224715040 3.0 0
1775224717749 3.0 0
1775224720542 3.0 0
1775224720625 3.0 0
1775224720655 3.0 0
1775224720683 3.0 0
1775224720709 3.0 0
1775224720735 3.0 0
1775224720760 3.0 0
