1775224685190 0.3125 0
1775224685222 0.4 0
1775224685252 0.3125 0
1775224685280 0.5 0
1775224685308 0.5 0
1775224685342 0.0 0
1775224685372 0.0 0
1775224685403 0.125 0
1775224685431 0.25 0
1775224693852 0.1875 0
1775224696577 0.0833 0
1775224699334 0.3125 0
1775224702033 0.3333 0
1775224704607 0.0 0
1775224707152 0.125 0
1775224709720 0.0 0
1775224712407 0.0 0
1775224715044 0.0833 0
1775224717758 0.0 0
1775224720552 0.0 0
1775224720633 0.25 0
1775224720663 0.0 0
1775224720692 0.4375 0
1775224720720 0.0 0
1775224720746 0.3125 0
1775224720768 0.25 0
