1775224685460 3.0 0
1775224685478 2.0 0
1775224685495 1.0 0
1775224685515 1.0 0
1775224685540 3.0 0
1775224685558 2.0 0
1775224685577 2.0 0
1775224685600 0.0 0
1775224685617 2.0 0
1775224685632 3.0 0
1775224685655 1.0 0
1775224693865 3.0 0
1775224696589 2.0 0
1775224699349 4.0 0
1775224702043 1.0 0
1775224704616 0.0 0
1775224707161 4.0 0
1775224709727 0.0 0
1775224712416 0.0 0
1775224715055 1.0 0
1775224717768 0.0 0
1775224720560 0.0 0
1775224720899 3.0 0
1775224720920 2.0 0
1775224720945 3.0 0
1775224720970 1.0 0
1775224720993 0.0 0
