1775230818720 0.3125 0
1775230818753 0.4 0
1775230818775 0.3125 0
1775230818792 0.5 0
1775230818813 0.5 0
1775230818838 0.0 0
1775230818848 0.0 0
1775230818869 0.125 0
1775230818886 0.25 0
1775230823230 0.1875 0
1775230824722 0.0833 0
1775230826132 0.3125 0
1775230827513 0.3333 0
1775230828966 0.0 0
1775230830336 0.125 0
1775230831653 0.0 0
1775230833018 0.0 0
1775230834437 0.0833 0
1775230835887 0.0 0
1775230837236 0.0 0
1775230837284 0.6667 0
1775230837308 0.25 0
1775230837333 0.5 0
1775230837357 0.5333 0
1775230837378 0.3333 0
1775230837569 0.4375 0
1775230837590 0.3333 0
1775230837612 0.0 0
1775230837636 0.0 0
