1775230818717 3.0 0
1775230818751 3.0 0
1775230818771 3.0 0
1775230818784 3.0 0
1775230818810 3.0 0
1775230818833 3.0 0
1775230818845 3.0 0
1775230818865 3.0 0
1775230818884 3.0 0
1775230823223 3.0 0
1775230824718 3.0 0
1775230826127 3.0 0
1775230827508 3.0 0
1775230828962 3.0 0
1775230830330 3.0 0
1775230831646 3.0 0
1775230833013 3.0 0
1775230834433 3.0 0
1775230835884 3.0 0
1775230837230 3.0 0
1775230837276 3.0 0
1775230837302 3.0 0
1775230837329 3.0 0
1775230837349 3.0 0
1775230837374 3.0 0
1775230837565 3.0 0
1775230837585 3.0 0
1775230837608 3.0 0
1775230837632 3.0 0
