1775230818896 3.0 0
1775230818911 2.0 0
1775230818927 1.0 0
1775230818937 1.0 0
1775230818954 3.0 0
1775230818969 2.0 0
1775230818978 2.0 0
1775230818991 0.0 0
1775230819004 2.0 0
1775230819013 3.0 0
1775230819030 1.0 0
1775230823237 3.0 0
1775230824729 2.0 0
1775230826137 4.0 0
1775230827519 1.0 0
1775230828971 0.0 0
1775230830340 4.0 0
1775230831659 0.0 0
1775230833021 0.0 0
1775230834442 1.0 0
1775230835887 0.0 0
1775230837242 0.0 0
1775230837654 3.0 0
1775230837675 2.0 0
1775230837690 3.0 0
1775230837708 1.0 0
1775230837725 0.0 0
