1775230907168 0.3125 0
1775230907180 0.4 0
1775230907190 0.3125 0
1775230907202 0.5 0
1775230907231 0.5 0
1775230907252 0.0 0
1775230907277 0.0 0
1775230907291 0.125 0
1775230907303 0.25 0
1775230911726 0.1875 0
1775230913154 0.0833 0
1775230914605 0.3125 0
1775230916007 0.3333 0
1775230917448 0.0 0
1775230918747 0.125 0
1775230920078 0.0 0
1775230921438 0.0 0
1775230922851 0.0833 0
1775230924318 0.0 0
1775230925671 0.0 0
1775230925705 0.6667 0
1775230925720 0.25 0
1775230925736 0.5 0
1775230925753 0.5333 0
1775230925771 0.3333 0
1775230925911 0.4375 0
1775230925924 0.3333 0
1775230925937 0.0 0
1775230925949 0.0 0
