1775230907165 3.0 0
1775230907177 3.0 0
1775230907187 3.0 0
1775230907198 3.0 0
1775230907215 3.0 0
1775230907248 3.0 0
1775230907271 3.0 0
1775230907286 3.0 0
1775230907300 3.0 0
1775230911720 3.0 0
1775230913150 3.0 0
1775230914601 3.0 0
1775230916002 3.0 0
1775230917443 3.0 0
1775230918747 3.0 0
1775230920078 3.0 0
1775230921431 3.0 0
1775230922844 3.0 0
1775230924312 3.0 0
1775230925666 3.0 0
1775230925699 3.0 0
1775230925715 3.0 0
1775230925730 3.0 0
1775230925747 3.0 0
1775230925764 3.0 0
1775230925907 3.0 0
1775230925921 3.0 0
1775230925933 3.0 0
1775230925946 3.0 0
