1775230907316 3.0 0
1775230907325 2.0 0
1775230907335 1.0 0
1775230907353 1.0 0
1775230907373 3.0 0
1775230907387 2.0 0
1775230907396 2.0 0
1775230907406 0.0 0
1775230907414 2.0 0
1775230907424 3.0 0
1775230907434 1.0 0
1775230911728 3.0 0
1775230913161 2.0 0
1775230914609 4.0 0
1775230916012 1.0 0
1775230917452 0.0 0
1775230918756 4.0 0
1775230920089 0.0 0
1775230921447 0.0 0
1775230922856 1.0 0
1775230924326 0.0 0
1775230925677 0.0 0
1775230925958 3.0 0
1775230925966 2.0 0
1775230925976 3.0 0
1775230925984 1.0 0
1775230925994 0.0 0
