1775280496103 0.3333 0
1775280498269 0.4 0
1775280498328 0.0 0
1775280498384 0.25 0
1775280498441 0.3333 0
1775280498508 0.3333 0
1775280498562 0.4 0
1775280498615 0.625 0
1775280498675 0.1875 0
1775280498741 0.5625 0
1775280498809 0.3125 0
1775280498865 0.6667 0
1775280498918 0.3333 0
1775280498966 0.6667 0
1775280499017 0.375 0
1775280499056 0.6 0
1775280499112 0.6 0
1775280499165 0.375 0
1775280499222 0.7 0
1775280499277 0.3125 0
1775280499345 0.2667 0
1775280499393 0.6 0
1775280499443 0.3333 0
1775280499497 0.25 0
1775280499565 0.5625 0
1775280499628 0.4 0
1775280499679 0.375 0
1775280499756 0.1875 0
1775280499813 0.2667 0
1775280499891 0.6 0
1775280499951 0.3333 0
1775280500006 0.5625 0
1775280500052 0.4 0
1775280500107 0.7 0
1775280500172 0.7 0
1775280500262 0.5333 0
1775280500324 0.25 0
1775280500387 0.1875 0
1775280500442 0.5 0
1775280500498 0.6667 0
1775280500550 0.6667 0
1775280500614 0.6667 0
1775280500665 0.7 0
1775280500730 0.4 0
1775280500785 0.6667 0
1775280500843 0.5333 0
1775280500904 0.3333 0
1775280500949 0.5 0
1775280501007 0.6 0
1775280501059 0.1875 0
1775280501110 0.1875 0
1775280501162 0.6667 0
1775280501218 0.3333 0
1775280501275 0.4 0
1775280501325 0.7 0
1775280501378 0.6667 0
1775280501431 0.3125 0
1775280501488 0.7 0
1775280501535 0.3333 0
1775280501586 0.5333 0
1775280501636 0.375 0
1775280501696 0.1875 0
1775280501747 0.1875 0
1775280501791 0.7 0
1775280501841 0.6667 0
1775280501891 0.25 0
1775280501956 0.25 0
1775280502005 0.375 0
1775280502056 0.2667 0
1775280502102 0.3125 0
1775280502151 0.5 0
1775280502202 0.25 0
1775280502255 0.7 0
1775280502301 0.25 0
1775280502355 0.6667 0
1775280502398 0.6667 0
1775280502454 0.2667 0
1775280502522 0.6 0
1775280502572 0.5 0
1775280502619 0.6667 0
1775280502669 0.4 0
1775280502715 0.2667 0
1775280502795 0.5 0
1775280502865 0.7 0
1775280502932 0.2667 0
1775280502981 0.375 0
1775280503028 0.2667 0
1775280503078 0.4 0
1775280503124 0.3333 0
1775280503174 0.5333 0
1775280503225 0.3333 0
1775280503283 0.25 0
1775280503332 0.5333 0
1775280503379 0.5333 0
1775280503430 0.25 0
1775280503489 0.25 0
1775280503532 0.3333 0
1775280503593 0.5625 0
1775280503644 0.3333 0
1775280503694 0.6667 0
1775280512418 0.3333 0
1775280512469 0.4 0
1775280512515 0.0 0
1775280512562 0.25 0
1775280512607 0.3333 0
1775280512657 0.3333 0
1775280512719 0.4 0
1775280512765 0.625 0
1775280512816 0.1875 0
1775280512867 0.5625 0
1775280512914 0.3125 0
1775280512964 0.6667 0
1775280513018 0.3333 0
1775280513064 0.6667 0
1775280513111 0.375 0
1775280513160 0.6 0
1775280513213 0.6 0
1775280513262 0.375 0
1775280513313 0.7 0
1775280513362 0.3125 0
1775280513418 0.2667 0
1775280513465 0.6 0
1775280513512 0.3333 0
1775280513560 0.25 0
1775280513608 0.5625 0
1775280513653 0.4 0
1775280513716 0.375 0
1775280513773 0.1875 0
1775280513823 0.2667 0
1775280513865 0.6 0
1775280513919 0.3333 0
1775280513965 0.5625 0
1775280514015 0.4 0
1775280514065 0.7 0
1775280514115 0.7 0
1775280514165 0.5333 0
1775280514215 0.25 0
1775280514257 0.1875 0
1775280514312 0.5 0
1775280514364 0.6667 0
1775280514416 0.6667 0
1775280514469 0.6667 0
1775280514519 0.7 0
1775280514568 0.4 0
1775280514613 0.6667 0
1775280514657 0.5333 0
1775280514708 0.3333 0
1775280514753 0.5 0
1775280514805 0.6 0
1775280514855 0.1875 0
1775280514911 0.1875 0
1775280514959 0.6667 0
1775280515007 0.3333 0
1775280515056 0.4 0
1775280515108 0.7 0
1775280515164 0.6667 0
1775280515212 0.3125 0
1775280515258 0.7 0
1775280515304 0.3333 0
1775280515351 0.5333 0
1775280515405 0.375 0
1775280515451 0.1875 0
1775280515498 0.1875 0
1775280515544 0.7 0
1775280515591 0.6667 0
1775280515638 0.25 0
1775280515687 0.25 0
1775280515732 0.375 0
1775280515789 0.2667 0
1775280515855 0.3125 0
1775280515915 0.5 0
1775280515967 0.25 0
1775280516024 0.7 0
1775280516076 0.25 0
1775280516129 0.6667 0
1775280516179 0.6667 0
1775280516229 0.2667 0
1775280516284 0.6 0
1775280516333 0.5 0
1775280516386 0.6667 0
1775280516432 0.4 0
1775280516479 0.2667 0
1775280516528 0.5 0
1775280516573 0.7 0
1775280516624 0.2667 0
1775280516669 0.375 0
1775280516719 0.2667 0
1775280516767 0.4 0
1775280516817 0.3333 0
1775280516868 0.5333 0
1775280516917 0.3333 0
1775280516966 0.25 0
1775280517015 0.5333 0
1775280517065 0.5333 0
1775280517115 0.25 0
1775280517165 0.25 0
1775280517207 0.3333 0
1775280517248 0.5625 0
1775280517307 0.3333 0
1775280517356 0.6667 0
1775280643654 0.9326 0
1775280648098 0.8775 0
1775280649951 0.2262 0
1775280654922 0.7161 0
1775280659554 0.9083 0
1775280664020 0.9392 0
1775280667291 0.8702 0
1775280670418 0.8623 0
1775280673476 0.6976 0
1775280676434 0.8778 0
1775280684215 0.752 0
1775280693478 0.906 0
1775280701488 0.9076 0
1775280709520 0.8683 0
1775280717413 0.7349 0
1775280724758 0.2659 0
1775280731973 0.2656 0
1775280740113 0.7299 0
1775280744556 0.8608 0
1775280749482 0.7139 0
1775280753522 0.2832 0
1775280757898 0.262 0
1775280762477 0.9468 0
1775280765435 0.435 0
1775280768388 0.8724 0
1775280771915 0.8579 0
1775280779599 0.7355 0
1775280783491 0.7086 0
1775280787582 0.3399 0
1775280791998 0.2499 0
1775280796455 0.9011 0
1775280799636 0.8754 0
1775280802904 0.861 0
1775280806597 0.8392 0
1775280810422 0.8402 0
1775280814436 0.3022 0
1775280817454 0.5026 0
1775280821482 0.8669 0
1775280824389 0.8737 0
1775280832282 0.894 0
1775280840510 0.8776 0
1775280847965 0.9009 0
1775280852498 0.8546 0
1775280855810 0.8566 0
1775280863438 0.8245 0
1775280868396 0.3139 0
1775280872834 0.8888 0
1775280875958 0.8787 0
1775280883624 0.2843 0
1775280888684 0.7706 0
1775280891874 0.7088 0
1775280900753 0.8943 0
1775280907904 0.9209 0
1775280912069 0.8737 0
1775280915748 0.8505 0
1775280924256 0.9007 0
1775280931651 0.7341 0
1775280935510 0.8678 0
1775280942846 0.9141 0
1775280947798 0.3146 0
1775280952786 0.7334 0
1775280955948 0.7151 0
1775280959138 0.7339 0
1775280962938 0.8447 0
1775280970648 0.8564 0
1775280978479 0.7048 0
1775280986332 0.6966 0
1775280994620 0.8663 0
1775280999646 0.2937 0
1775281006942 0.7774 0
1775281010872 0.8674 0
1775281013930 0.7118 0
1775281017666 0.8583 0
1775281021801 0.8863 0
1775281030122 0.8768 0
1775281038224 0.879 0
1775281043144 0.2836 0
1775281047757 0.2591 0
1775281050665 0.8866 0
1775281058757 0.8941 0
1775281063006 0.8679 0
1775281067068 0.2943 0
1775281070041 0.8883 0
1775281077847 0.8286 0
1775281082316 0.3141 0
1775281090265 0.698 0
1775281095130 0.3447 0
1775281098578 0.8759 0
1775281103098 0.8824 0
1775281107389 0.2899 0
1775281112022 0.9152 0
1775281116703 0.7151 0
1775281120995 0.3287 0
1775281125126 0.2996 0
1775281128296 0.6679 0
1775281132740 0.7889 0
1775281136835 0.9354 0
1775281140078 0.8774 0
1775281144624 0.9321 0
1775281152335 0.8645 0
