1775280496086 3.0 0
1775280498252 3.0 0
1775280498312 3.0 0
1775280498370 3.0 0
1775280498426 3.0 0
1775280498494 3.0 0
1775280498549 3.0 0
1775280498600 3.0 0
1775280498659 3.0 0
1775280498730 3.0 0
1775280498796 3.0 0
1775280498848 3.0 0
1775280498904 3.0 0
1775280498950 3.0 0
1775280499004 3.0 0
1775280499048 3.0 0
1775280499096 3.0 0
1775280499152 3.0 0
1775280499206 3.0 0
1775280499264 3.0 0
1775280499330 3.0 0
1775280499378 3.0 0
1775280499428 3.0 0
1775280499484 3.0 0
1775280499547 3.0 0
1775280499611 3.0 0
1775280499664 3.0 0
1775280499740 3.0 0
1775280499798 3.0 0
1775280499872 3.0 0
1775280499938 3.0 0
1775280499991 3.0 0
1775280500041 3.0 0
1775280500090 3.0 0
1775280500148 3.0 0
1775280500238 3.0 0
1775280500306 3.0 0
1775280500369 3.0 0
1775280500427 3.0 0
1775280500482 3.0 0
1775280500538 3.0 0
1775280500598 3.0 0
1775280500651 3.0 0
1775280500710 3.0 0
1775280500772 3.0 0
1775280500828 3.0 0
1775280500888 3.0 0
1775280500942 3.0 0
1775280500992 3.0 0
1775280501043 3.0 0
1775280501097 3.0 0
1775280501149 3.0 0
1775280501201 3.0 0
1775280501259 3.0 0
1775280501312 3.0 0
1775280501363 3.0 0
1775280501417 3.0 0
1775280501475 3.0 0
1775280501524 3.0 0
1775280501574 3.0 0
1775280501619 3.0 0
1775280501682 3.0 0
1775280501732 3.0 0
1775280501782 3.0 0
1775280501830 3.0 0
1775280501877 3.0 0
1775280501940 3.0 0
1775280501991 3.0 0
1775280502043 3.0 0
1775280502088 3.0 0
1775280502139 3.0 0
1775280502188 3.0 0
1775280502243 3.0 0
1775280502293 3.0 0
1775280502338 3.0 0
1775280502391 3.0 0
1775280502440 3.0 0
1775280502507 3.0 0
1775280502557 3.0 0
1775280502607 3.0 0
1775280502657 3.0 0
1775280502704 3.0 0
1775280502778 3.0 0
1775280502848 3.0 0
1775280502918 3.0 0
1775280502967 3.0 0
1775280503016 3.0 0
1775280503065 3.0 0
1775280503108 3.0 0
1775280503163 3.0 0
1775280503212 3.0 0
1775280503269 3.0 0
1775280503322 3.0 0
1775280503368 3.0 0
1775280503415 3.0 0
1775280503475 3.0 0
1775280503523 3.0 0
1775280503579 3.0 0
1775280503631 3.0 0
1775280503681 3.0 0
1775280510363 3.0 0
1775280512455 3.0 0
1775280512501 3.0 0
1775280512548 3.0 0
1775280512597 3.0 0
1775280512644 3.0 0
1775280512708 3.0 0
1775280512751 3.0 0
1775280512801 3.0 0
1775280512856 3.0 0
1775280512901 3.0 0
1775280512952 3.0 0
1775280513003 3.0 0
1775280513049 3.0 0
1775280513098 3.0 0
1775280513148 3.0 0
1775280513198 3.0 0
1775280513247 3.0 0
1775280513301 3.0 0
1775280513346 3.0 0
1775280513403 3.0 0
1775280513452 3.0 0
1775280513498 3.0 0
1775280513546 3.0 0
1775280513591 3.0 0
1775280513641 3.0 0
1775280513699 3.0 0
1775280513760 3.0 0
1775280513810 3.0 0
1775280513857 3.0 0
1775280513906 3.0 0
1775280513954 3.0 0
1775280514003 3.0 0
1775280514052 3.0 0
1775280514100 3.0 0
1775280514151 3.0 0
1775280514203 3.0 0
1775280514248 3.0 0
1775280514301 3.0 0
1775280514350 3.0 0
1775280514403 3.0 0
1775280514455 3.0 0
1775280514503 3.0 0
1775280514557 3.0 0
1775280514602 3.0 0
1775280514646 3.0 0
1775280514694 3.0 0
1775280514741 3.0 0
1775280514790 3.0 0
1775280514841 3.0 0
1775280514898 3.0 0
1775280514946 3.0 0
1775280514993 3.0 0
1775280515041 3.0 0
1775280515094 3.0 0
1775280515151 3.0 0
1775280515201 3.0 0
1775280515246 3.0 0
1775280515291 3.0 0
1775280515340 3.0 0
1775280515390 3.0 0
1775280515439 3.0 0
1775280515485 3.0 0
1775280515530 3.0 0
1775280515579 3.0 0
1775280515622 3.0 0
1775280515674 3.0 0
1775280515719 3.0 0
1775280515768 3.0 0
1775280515840 3.0 0
1775280515898 3.0 0
1775280515952 3.0 0
1775280516007 3.0 0
1775280516064 3.0 0
1775280516115 3.0 0
1775280516167 3.0 0
1775280516217 3.0 0
1775280516271 3.0 0
1775280516321 3.0 0
1775280516371 3.0 0
1775280516420 3.0 0
1775280516468 3.0 0
1775280516515 3.0 0
1775280516563 3.0 0
1775280516610 3.0 0
1775280516656 3.0 0
1775280516702 3.0 0
1775280516751 3.0 0
1775280516805 3.0 0
1775280516849 3.0 0
1775280516899 3.0 0
1775280516951 3.0 0
1775280517004 3.0 0
1775280517053 3.0 0
1775280517101 3.0 0
1775280517149 3.0 0
1775280517198 3.0 0
1775280517241 3.0 0
1775280517295 3.0 0
1775280517343 3.0 0
1775280641593 2.0 0
1775280648085 2.0 0
1775280649941 2.0 0
1775280654909 2.0 0
1775280659541 2.0 0
1775280664006 2.0 0
1775280667270 2.0 0
1775280670406 2.0 0
1775280673461 2.0 0
1775280676418 2.0 0
1775280682072 2.0 0
1775280691437 2.0 0
1775280699428 2.0 0
1775280707493 2.0 0
1775280715359 2.0 0
1775280722700 2.0 0
1775280729928 2.0 0
1775280738050 2.0 0
1775280744543 2.0 0
1775280749470 2.0 0
1775280753507 2.0 0
1775280757891 2.0 0
1775280762465 2.0 0
1775280765424 2.0 0
1775280768372 2.0 0
1775280771898 2.0 0
1775280777524 2.0 0
1775280783478 2.0 0
1775280787569 2.0 0
1775280791986 2.0 0
1775280796441 2.0 0
1775280799622 2.0 0
1775280802891 2.0 0
1775280806585 2.0 0
1775280810407 2.0 0
1775280814419 2.0 0
1775280817440 2.0 0
1775280821469 2.0 0
1775280824377 2.0 0
1775280830222 2.0 0
1775280838454 2.0 0
1775280845893 2.0 0
1775280852486 2.0 0
1775280855797 2.0 0
1775280861372 2.0 0
1775280868382 2.0 0
1775280872820 2.0 0
1775280875946 2.0 0
1775280881546 2.0 0
1775280888670 2.0 0
1775280891860 2.0 0
1775280898691 2.0 0
1775280905840 2.0 0
1775280912056 2.0 0
1775280915734 2.0 0
1775280922198 2.0 0
1775280929603 2.0 0
1775280935498 2.0 0
1775280940798 2.0 0
1775280947786 2.0 0
1775280952773 2.0 0
1775280955936 2.0 0
1775280959124 2.0 0
1775280962923 2.0 0
1775280968595 2.0 0
1775280976422 2.0 0
1775280984276 2.0 0
1775280992552 2.0 0
1775280999628 2.0 0
1775281004872 2.0 0
1775281010859 2.0 0
1775281013913 2.0 0
1775281017652 2.0 0
1775281021791 2.0 0
1775281028031 2.0 0
1775281036188 2.0 0
1775281043131 2.0 0
1775281047746 2.0 0
1775281050653 2.0 0
1775281056688 2.0 0
1775281062992 2.0 0
1775281067048 2.0 0
1775281070029 2.0 0
1775281075784 2.0 0
1775281082302 2.0 0
1775281088203 2.0 0
1775281095118 2.0 0
1775281098565 2.0 0
1775281103082 2.0 0
1775281107372 2.0 0
1775281112008 2.0 0
1775281116691 2.0 0
1775281120978 2.0 0
1775281125110 2.0 0
1775281128285 2.0 0
1775281132725 2.0 0
1775281136820 2.0 0
1775281140065 2.0 0
1775281144613 2.0 0
1775281150253 2.0 0
