1775224412447 0.3125 0
1775224412475 0.4 0
1775224412505 0.3125 0
1775224412539 0.5 0
1775224412570 0.5 0
1775224412593 0.0 0
1775224412626 0.0 0
1775224412654 0.125 0
1775224412680 0.25 0
1775224418210 0.1875 0
1775224419932 0.0833 0
1775224421643 0.3125 0
1775224423359 0.3333 0
1775224425030 0.0 0
1775224426622 0.125 0
1775224428239 0.0 0
1775224429866 0.0 0
1775224431545 0.0833 0
1775224433340 0.0 0
1775224435045 0.0 0
1775224435087 0.25 0
1775224435131 0.0 0
1775224435155 0.4375 0
1775224435178 0.0 0
1775224435206 0.3125 0
1775224435231 0.25 0
