1775224412443 3.0 0
1775224412470 3.0 0
1775224412499 3.0 0
1775224412535 3.0 0
1775224412566 3.0 0
1775224412593 3.0 0
1775224412622 3.0 0
1775224412648 3.0 0
1775224412677 3.0 0
1775224418205 3.0 0
1775224419930 3.0 0
1775224421636 3.0 0
1775224423352 3.0 0
1775224425025 3.0 0
1775224426616 3.0 0
1775224428238 3.0 0
1775224429860 3.0 0
1775224431542 3.0 0
1775224433334 3.0 0
1775224435040 3.0 0
1775224435087 3.0 0
1775224435123 3.0 0
1775224435151 3.0 0
1775224435175 3.0 0
1775224435199 3.0 0
1775224435225 3.0 0
