1775224412708 3.0 0
1775224412739 2.0 0
1775224412759 1.0 0
1775224412780 1.0 0
1775224412813 3.0 0
1775224412835 2.0 0
1775224412857 2.0 0
1775224412877 0.0 0
1775224412899 2.0 0
1775224412918 3.0 0
1775224412939 1.0 0
1775224418216 3.0 0
1775224419937 2.0 0
1775224421649 4.0 0
1775224423364 1.0 0
1775224425034 0.0 0
1775224426628 4.0 0
1775224428249 0.0 0
1775224429871 0.0 0
1775224431552 1.0 0
1775224433340 0.0 0
1775224435049 0.0 0
1775224435370 3.0 0
1775224435394 2.0 0
1775224435420 3.0 0
1775224435444 1.0 0
1775224435470 0.0 0
