1775230958432 0.3125 0
1775230958448 0.4 0
1775230958464 0.3125 0
1775230958483 0.5 0
1775230958502 0.5 0
1775230958518 0.0 0
1775230958539 0.0 0
1775230958556 0.125 0
1775230958573 0.25 0
1775230963378 0.1875 0
1775230964841 0.0833 0
1775230966356 0.3125 0
1775230967823 0.3333 0
1775230969325 0.0 0
1775230970870 0.125 0
1775230972229 0.0 0
1775230973658 0.0 0
1775230975107 0.0833 0
1775230976514 0.0 0
1775230977821 0.0 0
1775230977862 0.6667 0
1775230977880 0.25 0
1775230977892 0.5 0
1775230977905 0.5333 0
1775230977915 0.3333 0
1775230978071 0.4375 0
1775230978089 0.3333 0
1775230978106 0.0 0
1775230978122 0.0 0
