1775230958428 3.0 0
1775230958444 3.0 0
1775230958460 3.0 0
1775230958477 3.0 0
1775230958496 3.0 0
1775230958514 3.0 0
1775230958529 3.0 0
1775230958553 3.0 0
1775230958568 3.0 0
1775230963375 3.0 0
1775230964837 3.0 0
1775230966352 3.0 0
1775230967818 3.0 0
1775230969318 3.0 0
1775230970864 3.0 0
1775230972224 3.0 0
1775230973655 3.0 0
1775230975100 3.0 0
1775230976509 3.0 0
1775230977816 3.0 0
1775230977853 3.0 0
1775230977871 3.0 0
1775230977888 3.0 0
1775230977901 3.0 0
1775230977912 3.0 0
1775230978068 3.0 0
1775230978085 3.0 0
1775230978100 3.0 0
1775230978117 3.0 0
