1775230958589 3.0 0
1775230958601 2.0 0
1775230958610 1.0 0
1775230958623 1.0 0
1775230958634 3.0 0
1775230958642 2.0 0
1775230958654 2.0 0
1775230958664 0.0 0
1775230958676 2.0 0
1775230958688 3.0 0
1775230958702 1.0 0
1775230963387 3.0 0
1775230964843 2.0 0
1775230966361 4.0 0
1775230967829 1.0 0
1775230969333 0.0 0
1775230970877 4.0 0
1775230972233 0.0 0
1775230973668 0.0 0
1775230975112 1.0 0
1775230976521 0.0 0
1775230977827 0.0 0
1775230978131 3.0 0
1775230978141 2.0 0
1775230978154 3.0 0
1775230978163 1.0 0
1775230978174 0.0 0
